4
3
1
7
21
1
13
1
1
11
1
1
11
3
1
20
1
1
1
6
6
2
2
7
5
3
9
9
7
2
1
1
7
7
19
5
8
6
9
7
2
1
5
4
1
25
1
9
1
2
2
3
1
1
1
11
1
15
3
23
27
3
2
1
1
11
2
1
10
4
1
3
2
6
14
13
1
1
10
1
2
18
7
14
5
4
1
1
10
1
4
1
31
8
1
1
2
2
4
6
1
9
10
1
5
9
20
5
5
9
3
17
13
18
7
3
3
1
2
3
5
1
19
4
2
1
17
22
12
9
17
8
1
17
13
13
16
11
2
1
3
1
1
1
11
2
2
9
3
7
2
2
1
17
9
11
6
12
10
6
2
9
12
4
3
1
15
7
10
13
7
6
15
10
9
1
2
8
4
3
1
2
9
18
9
9
4
1
10
20
1
4
7
1
11
1
19
1
5
7
1
1
10
20
12
1
2
8
1
5
4
7
1
4
16
10
5
4
7
14
7
1
2
5
1
7
7
